Radix 1111 1111 1111 1111 1111 1111 1111 1111 111
Vname Input_0 Input_1 Input_2 Input_3 Input_4 Input_5 Input_6 Input_7
+ Input_8 Input_9 Input_10 Input_11 Input_12 Input_13 Input_14 Input_15
+ Input_16 Input_17 Input_18 Input_19  Input_20 Input_21 Input_22 Input_23
+ Input_24 Input_25 Input_26 Input_27 Input_28 Input_29 Input_30 Input_31
+ clk rst_n in_valid
IO iiii iiii iiii iiii iiii iiii iiii iiii iii
Tunit  ps
Period 800
Trise  0.00
Tfall  0.00
Tdelay 0
Vih    0.5
Vil    0.0

0 0 0 0 0 0 0 0 0 0 0 0 0 0 0 0 0 0 0 0 0 0 0 0 0 0 0 0 0 0 0 0 0 1 0
0 0 0 0 0 0 0 0 0 0 0 0 0 0 0 0 0 0 0 0 0 0 0 0 0 0 0 0 0 0 0 0 0 0 0
0 0 0 0 0 0 0 0 0 0 0 0 0 0 0 0 0 0 0 0 0 0 0 0 0 0 0 0 0 0 0 0 0 1 0


1 0 1 1 1 0 1 1 0 1 0 1 1 0 0 1 0 1 1 1 1 0 1 0 0 1 0 0 1 1 1 0 1 1 1
1 0 1 1 1 0 1 1 0 1 0 1 1 0 0 1 0 1 1 1 1 0 1 0 0 1 0 0 1 1 1 0 0 1 1
1 0 0 0 0 1 0 1 1 0 0 1 1 0 0 0 0 0 1 1 0 1 1 1 0 1 0 0 1 0 1 0 1 1 1
1 0 0 0 0 1 0 1 1 0 0 1 1 0 0 0 0 0 1 1 0 1 1 1 0 1 0 0 1 0 1 0 0 1 1
0 1 0 0 1 0 0 0 0 0 0 0 1 0 0 1 0 0 1 0 1 1 1 0 0 0 0 0 1 1 0 0 1 1 1
0 1 0 0 1 0 0 0 0 0 0 0 1 0 0 1 0 0 1 0 1 1 1 0 0 0 0 0 1 1 0 0 0 1 1
1 1 1 0 1 0 0 1 0 0 1 1 0 0 1 0 0 1 1 0 1 0 0 0 1 1 0 0 0 1 1 1 1 1 1
1 1 1 0 1 0 0 1 0 0 1 1 0 0 1 0 0 1 1 0 1 0 0 0 1 1 0 0 0 1 1 1 0 1 1

0 1 0 1 1 1 1 1 0 0 1 0 1 0 1 1 1 0 0 1 1 0 1 1 0 0 0 1 0 0 0 0 1 1 1
0 1 0 1 1 1 1 1 0 0 1 0 1 0 1 1 1 0 0 1 1 0 1 1 0 0 0 1 0 0 0 0 0 1 1
0 1 0 0 1 0 0 0 1 1 1 0 0 0 1 0 0 0 1 0 0 1 1 1 0 0 1 1 0 1 1 1 1 1 1
0 1 0 0 1 0 0 0 1 1 1 0 0 0 1 0 0 0 1 0 0 1 1 1 0 0 1 1 0 1 1 1 0 1 1
0 0 1 0 1 0 0 1 1 0 1 0 1 0 1 0 1 0 1 1 1 0 0 0 1 0 0 0 0 1 0 0 1 1 1
0 0 1 0 1 0 0 1 1 0 1 0 1 0 1 0 1 0 1 1 1 0 0 0 1 0 0 0 0 1 0 0 0 1 1
1 1 1 0 0 0 0 0 0 1 0 1 1 0 1 1 0 1 1 0 0 1 1 0 0 0 0 1 1 0 1 0 1 1 1
1 1 1 0 0 0 0 0 0 1 0 1 1 0 1 1 0 1 1 0 0 1 1 0 0 0 0 1 1 0 1 0 0 1 1

1 1 1 1 0 0 1 0 0 0 0 1 0 0 0 0 1 0 0 0 0 1 1 1 0 0 1 0 1 0 0 0 1 1 1
1 1 1 1 0 0 1 0 0 0 0 1 0 0 0 0 1 0 0 0 0 1 1 1 0 0 1 0 1 0 0 0 0 1 1
0 1 1 0 1 1 0 1 0 0 1 1 0 0 0 1 1 0 1 1 0 0 0 1 1 0 1 0 0 1 1 1 1 1 1
0 1 1 0 1 1 0 1 0 0 1 1 0 0 0 1 1 0 1 1 0 0 0 1 1 0 1 0 0 1 1 1 0 1 1
0 1 1 0 0 1 0 0 1 0 1 1 1 1 0 1 1 0 0 0 0 0 1 0 1 0 1 1 0 0 0 0 1 1 1
0 1 1 0 0 1 0 0 1 0 1 1 1 1 0 1 1 0 0 0 0 0 1 0 1 0 1 1 0 0 0 0 0 1 1
1 0 0 0 1 1 0 1 0 1 1 0 1 1 0 0 0 0 0 1 1 0 0 1 1 1 1 1 0 1 1 1 1 1 1
1 0 0 0 1 1 0 1 0 1 1 0 1 1 0 0 0 0 0 1 1 0 0 1 1 1 1 1 0 1 1 1 0 1 1

0 0 1 1 0 0 1 1 1 0 1 0 0 0 1 0 1 1 1 1 0 1 1 1 0 0 0 1 0 1 1 0 1 1 1
0 0 1 1 0 0 1 1 1 0 1 0 0 0 1 0 1 1 1 1 0 1 1 1 0 0 0 1 0 1 1 0 0 1 1
1 0 1 1 0 1 0 1 1 0 0 0 0 1 1 0 0 0 1 1 1 0 1 1 0 1 1 0 1 0 1 1 1 1 1
1 0 1 1 0 1 0 1 1 0 0 0 0 1 1 0 0 0 1 1 1 0 1 1 0 1 1 0 1 0 1 1 0 1 1
1 0 1 0 1 1 1 1 1 1 0 0 1 1 0 1 0 1 1 0 1 1 0 1 1 1 0 1 1 1 0 0 1 1 1
1 0 1 0 1 1 1 1 1 1 0 0 1 1 0 1 0 1 1 0 1 1 0 1 1 1 0 1 1 1 0 0 0 1 1
1 0 0 1 1 1 0 1 0 1 1 0 1 1 0 1 0 0 0 1 1 0 0 0 0 0 1 0 1 1 1 0 1 1 1
1 0 0 1 1 1 0 1 0 1 1 0 1 1 0 1 0 0 0 1 1 0 0 0 0 0 1 0 1 1 1 0 0 1 1

0 0 0 0 0 0 0 0 0 0 0 0 0 0 0 0 0 0 0 0 0 0 0 0 0 0 0 0 0 0 0 0 1 1 0
0 0 0 0 0 0 0 0 0 0 0 0 0 0 0 0 0 0 0 0 0 0 0 0 0 0 0 0 0 0 0 0 0 1 0
0 0 0 0 0 0 0 0 0 0 0 0 0 0 0 0 0 0 0 0 0 0 0 0 0 0 0 0 0 0 0 0 1 1 0
0 0 0 0 0 0 0 0 0 0 0 0 0 0 0 0 0 0 0 0 0 0 0 0 0 0 0 0 0 0 0 0 0 1 0
0 0 0 0 0 0 0 0 0 0 0 0 0 0 0 0 0 0 0 0 0 0 0 0 0 0 0 0 0 0 0 0 1 1 0
0 0 0 0 0 0 0 0 0 0 0 0 0 0 0 0 0 0 0 0 0 0 0 0 0 0 0 0 0 0 0 0 0 1 0